{
 "cells": [
  {
   "cell_type": "code",
   "execution_count": 1,
   "id": "49042191",
   "metadata": {},
   "outputs": [
    {
     "name": "stdout",
     "output_type": "stream",
     "text": [
      "         2015W40  2015W41  2015W42  2015W43  2015W44  2015W45  2015W46  2015W47  2015W48  2015W49  2015W50  2015W51  2015W52  2015W53  2016W1  2016W2  2016W38  2016W39  2016W40  2016W41  2016W42  2016W43  2016W44  2016W45  2016W46  2016W47  2016W48  2016W49  2016W50  2016W51  2016W52  2017W1  2017W2  2017W38  2017W39  2017W40  2017W41  2017W42  2017W43  2017W44  2017W45  2017W46  2017W47  2017W48  2017W49  2017W50  2017W51  2017W52  2018W1  2018W2  2018W38  2018W39  2018W40  2018W41  2018W42  2018W43  2018W44  2018W45  2018W46  2018W47  2018W48  2018W49  2018W50  2018W51  2018W52  2019W1  2019W2  2019W38  2019W39  2019W40  2019W41  2019W42  2019W43  2019W44  2019W45  2019W46  2019W47  2019W48  2019W49  2019W50  2019W51  2019W52  2020W1  2020W2  2020W38  2020W39  2020W40  2020W41  2020W42  2020W43  2020W44  2020W45  2020W46  2020W47  2020W48  2020W49  2020W50  2020W51  2020W52  2020W53\n",
      "2015W40    0.000    4.502   13.334   10.726   12.884   15.193    4.246   11.811   11.529    7.914   12.839   13.296    5.679    8.047  13.301  11.931    6.431   10.306   14.795   13.843    9.118    6.153   13.434    7.558   11.961   14.985    5.101   15.599    5.534    8.850   13.989   8.894  13.598    6.096   13.833   10.177   10.063    6.892   12.885    7.785    5.202   12.083   12.538   13.044   14.070   13.574   11.367   12.686   9.931  13.750    8.604   12.021    5.051    5.386   12.544    8.782    6.678   11.032   10.385    7.397   11.987    9.171   14.658   10.736   16.019  15.208   9.540   10.597    6.390   10.084   11.203   15.199   12.052   13.844   11.876   13.648   11.158   12.050    3.206   10.439   12.730    8.293  13.759   9.123    9.612   11.705   12.857    9.546    9.561    9.743    8.326    5.418   10.959    7.269   13.258    7.181   10.541   10.498    8.714   10.253\n",
      "2015W41    4.502    0.000   14.958   11.693   13.720   16.260    8.182   14.243   12.862   10.883   14.550   14.428    8.603   10.828  13.514  12.907    5.566   10.525   15.553   13.389    9.028    9.598   13.543    4.894   11.899   14.113    4.091   16.084    5.608   10.429   14.300  10.098  11.989    6.276   14.148   12.284    9.869    7.880   14.878    9.903    6.932   11.901   13.225   14.801   15.295   13.361   12.118   12.737  11.238  12.165    9.995   13.352    7.501    7.395   13.333   10.051    8.534   11.563   11.921    8.098   12.656   11.179   14.893   10.646   15.447  16.492  11.457   12.787    7.815   11.592   13.037   16.188   14.578   13.619   13.703   13.925   10.847   13.627    4.236   10.278   13.633   11.080  14.527  10.224   11.099   11.055   13.342   11.508   10.689    9.080    9.700    6.630   10.146    9.176   14.354    4.617   11.585   12.917    7.401   10.451\n",
      "2015W42   13.334   14.958    0.000    7.961    4.786    7.078   13.748    8.334    5.293   14.954    6.098    3.676   13.225   12.567   5.822   4.958   11.406   14.315    4.278    7.374   13.413   10.729    7.347   12.920    7.771    8.610   12.021    5.428   13.662    7.530    9.963   5.739  11.032   11.180    6.447   11.279    8.770   10.732   11.494    7.649   12.146   11.147   10.435    5.746    9.433   12.114    5.519    9.992   9.711  10.538    5.633    5.424   10.014   12.869    5.049    9.875    8.928    9.130   12.441   10.682    4.969   11.080    6.284    7.718    8.512   7.806  11.609   10.118   10.064   10.967    8.960    6.751    9.154    7.971    5.217    6.350    7.974    3.171   13.679    8.275    4.573   12.177   6.151  13.045   10.166   10.977    5.462    5.491    7.080   11.101    9.392   13.075   12.245    6.921    4.393   12.890   12.232   11.680   13.443    7.887\n",
      "2015W43   10.726   11.693    7.961    0.000    6.658   11.272   11.270    7.569    6.755   12.342   12.131    6.013    9.160    9.343   5.861   5.844   10.190    8.001   10.333    9.665    7.697    9.826    7.733   10.707   10.672    9.987    9.113    8.509    9.696    4.069    7.273   6.230  12.040    6.410   11.145    7.872   10.794    5.180    6.674    5.661    8.948   10.109   11.797    6.412   12.719   11.916    6.021    7.835   8.049   9.197    5.978    9.113    7.487    7.972    4.986    8.377    6.363    4.164    6.877    6.276    7.912    5.390    7.018    5.327    9.815   7.842   8.004   10.748    8.891    7.541    6.545    8.334    7.169    7.082    6.114   10.191    4.154    7.842   10.038   10.913    7.983    9.568  11.618   6.908    5.080    6.355    9.583    7.065    2.688    7.118    6.220    9.212    7.184    5.337    5.575    9.667    5.236    7.299    8.001    2.566\n",
      "2015W44   12.884   13.720    4.786    6.658    0.000    9.062   14.370    9.198    5.549   15.790    9.450    3.593   13.141   13.700   5.879   1.874   10.742   12.752    5.684    5.965   10.867   11.681    7.045   11.211    6.950    5.820   10.560    3.338   12.058    6.917   10.431   5.596   9.824    9.434    6.495   12.073    8.892    9.911   12.086    6.966   12.225   11.407   11.594    5.787   11.166   12.535    4.281   10.667   9.375   7.455    5.275    6.626    9.083   11.803    4.687   10.134    8.768    7.448   11.934    8.635    4.386   10.693    4.919    6.557    5.917   9.572  10.050   12.620    9.218    9.725    7.561    8.403   10.406    4.459    5.767    5.945    6.157    5.665   12.341    7.642    5.623   12.520   7.469  10.901    7.823    9.174    5.214    5.750    5.955    9.626    9.347   12.846    9.200    5.979    4.017   11.245   10.644   11.373   10.563    5.919\n",
      "2015W45   15.193   16.260    7.078   11.272    9.062    0.000   15.654   11.145   11.006   15.189    6.877    7.604   14.970   14.279   9.568  10.151   12.143   16.005    7.611    7.818   16.247   14.449    6.047   13.447    7.542   10.040   13.501    8.938   15.177   12.077    8.582  10.524   9.810   13.953    7.406   13.706    8.369   14.045   13.206    9.988   13.715    7.474    6.173    8.006    3.774    8.163    6.865    8.710   8.811  11.529   10.349    3.773   13.808   16.171    9.334    8.209   11.060   13.146   16.597   13.074    7.986   12.919    9.807    8.357    8.859   7.964  13.993    8.844   13.299   15.015   13.495    7.266   10.780   10.003   11.460    7.530   11.154    8.488   15.762    9.293    7.145   12.769   7.146  16.882   14.014   10.456    7.567    9.875    9.744   10.682   11.244   14.007   13.335   10.724    6.999   13.788   13.908   16.556   16.039   10.867\n",
      "2015W46    4.246    8.182   13.748   11.270   14.370   15.654    0.000   11.044   12.356    5.109   13.240   14.066    4.014    5.223  14.296  13.346    9.397   10.690   16.011   16.021   10.912    4.992   14.515   11.181   14.310   17.390    8.490   16.967    7.941    9.301   14.026  10.152  16.221    8.402   15.699    8.701   12.350    7.690   11.256    8.482    5.310   12.940   12.967   13.130   14.447   14.491   12.533   12.830  10.317  16.469    9.938   12.871    6.589    6.012   13.386    9.159    7.176   12.030    9.793    9.141   13.614    8.276   16.004   12.203   18.079  14.677  10.049    9.217    8.533   10.655   11.731   15.185   10.537   15.812   12.239   15.512   12.657   12.678    6.430   12.980   13.776    6.799  15.265   9.983   10.579   13.068   14.605   10.228   10.355   11.235    8.488    5.678   13.117    8.581   13.883   10.491   10.629    9.645   11.494   11.566\n",
      "2015W47   11.811   14.243    8.334    7.569    9.198   11.145   11.044    0.000    6.923   10.887   11.516    7.147    9.374    8.376   9.783   8.943   13.457    9.537   12.263   12.331    9.942    8.755    9.006   14.027   12.502   13.464   11.054   11.525   10.431    8.050   10.263   7.896  15.614   11.229   13.286    5.198   12.608    9.300    7.640    5.353    8.575   11.961   12.609    5.093   12.283   14.983    8.559   11.089   6.942  14.165    7.811    8.927    8.969   10.300    9.900    9.588    5.834   11.042    8.317    7.754   11.240    7.731   11.933    8.536   13.230   7.115   6.042   10.607    8.518    6.174    5.242   11.572    3.894   10.224    6.875   13.094   10.174    9.804   11.313   12.186   11.306    7.182  13.152  10.164    7.398   11.039   12.252    5.750    8.154   10.054    5.257    9.485   10.282    7.592    8.393   13.959    9.040    8.018   11.952    9.039\n",
      "2015W48   11.529   12.862    5.293    6.755    5.549   11.006   12.356    6.923    0.000   14.390    9.279    4.774   11.751   11.323   5.530   4.603   10.996   11.730    7.872    8.446    9.940    8.714    8.446   11.566    9.238    9.095    9.665    7.690   10.997    6.023   11.149   3.477  12.169    9.330    9.251    8.982    9.651    8.171   11.217    6.551    9.874   12.569   13.170    6.895   12.912   14.629    7.202   11.236   9.885  10.290    3.635    8.405    7.605   10.283    6.313   11.037    6.990    8.264    8.959    8.016    7.141   10.304    7.649    7.239    9.887   9.050   9.160   12.054    6.703    6.795    5.464   10.388    9.159    7.312    2.531    9.064    6.798    5.745   11.041    8.562    7.825   11.503   9.330  10.060    7.471   11.027    8.141    3.981    7.103   10.486    7.215   11.147   10.138    5.580    6.973   11.587   11.089    8.535   10.252    6.810\n",
      "2015W49    7.914   10.883   14.954   12.342   15.790   15.189    5.109   10.887   14.390    0.000   14.492   14.959    4.414    4.699  15.762  15.208   11.934   10.226   17.554   17.345   12.280    8.224   14.267   13.346   15.773   18.763   10.764   18.136    9.212   11.323   13.125  12.441  17.389   11.171   17.295    8.397   14.034   10.224   10.162    9.327    6.454   11.912   11.787   12.891   13.561   13.932   12.953   12.087   8.898  17.948   12.349   13.070    9.830    8.900   14.932    8.286    8.061   14.066   11.417   10.283   15.507    8.004   17.649   12.786   18.934  13.869  10.277    8.465   11.307   12.126   13.166   15.258    9.370   16.852   14.368   17.183   14.178   14.740    9.240   14.786   15.342    4.458  16.985  11.927   12.107   12.741   16.319   11.683   11.505   10.769    8.697    5.933   13.605   10.905   14.364   12.778   10.364   11.822   13.617   12.908\n",
      "2015W50   12.839   14.550    6.098   12.131    9.450    6.877   13.240   11.516    9.279   14.492    0.000    8.865   14.080   13.302   9.856   9.615   10.333   17.068    6.236    8.994   16.348   11.046    9.771   12.650    7.267   11.213   12.404   10.084   14.635   10.833   12.303   8.247  10.599   12.920    6.344   13.510    6.839   13.007   14.733    9.925   12.557   10.893    8.694   10.088    7.260   11.088    8.560   11.317  11.029  12.886    8.186    5.758   11.499   14.625    9.402    9.824   10.473   12.860   15.777   13.132    7.129   13.712   10.562   10.267   11.570  11.151  14.416    8.436   11.048   14.284   13.095    9.446   12.019   12.020    9.809    7.154   11.521    5.938   14.203    7.250    6.616   13.018   4.823  16.351   14.004   13.418    6.504    8.171   10.404   12.758   11.404   13.493   15.199    9.258    9.092   13.057   15.519   15.141   15.917   11.548\n",
      "2015W51   13.296   14.428    3.676    6.013    3.593    7.604   14.066    7.147    4.774   14.959    8.865    0.000   12.799   12.422   4.627   4.149   11.512   12.219    6.378    6.428   11.285   11.493    5.342   12.099    7.912    7.377   10.998    4.921   12.341    7.261    8.383   5.926  10.759   10.336    7.707   10.239    9.229    9.740   10.304    6.590   11.482   10.259   10.957    4.156   10.232   12.088    4.643    9.226   8.393   8.865    5.693    5.815    9.858   12.220    4.800    9.461    8.023    8.281   11.145    8.911    5.670    9.919    5.453    5.501    6.843   6.338   9.785   11.172    9.427    9.280    7.166    7.426    8.266    5.020    4.990    7.169    6.478    5.466   12.867    8.771    5.870   11.602   8.044  11.565    8.315    8.896    6.639    5.614    5.883    9.322    7.981   12.209    9.455    6.573    3.245   12.084   10.287   10.886   11.433    6.125\n",
      "2015W52    5.679    8.603   13.225    9.160   13.141   14.970    4.014    9.374   11.751    4.414   14.080   12.799    0.000    4.017  13.283  12.262   10.087    7.275   15.780   15.385    8.489    6.136   12.915   11.160   14.228   16.328    8.198   15.717    6.466    7.926   12.065   9.723  15.814    7.473   15.674    6.778   12.830    6.464    8.548    6.903    4.551   11.764   12.313   11.166   14.117   13.802   10.957   11.183   8.145  15.248    9.580   12.258    6.291    4.603   12.295    7.915    5.691   10.516    7.838    6.922   13.298    5.204   14.983   10.653   16.718  12.953   7.566    9.486    8.652    8.893   10.043   13.945    8.396   14.161   11.586   15.341   11.084   12.742    6.219   13.163   13.467    4.382  15.654   7.588    8.303   10.627   14.416    9.459    8.650    8.880    6.604    4.173   10.654    7.894   12.293   10.273    7.235    8.250    9.855    9.719\n",
      "2015W53    8.047   10.828   12.567    9.343   13.700   14.279    5.223    8.376   11.323    4.699   13.302   12.422    4.017    0.000  12.578  12.828   11.441    8.484   15.557   15.665   10.530    6.244   12.542   12.871   14.909   16.955   10.003   15.925    8.993    8.399   10.979   9.889  16.506    9.480   15.992    4.736   13.270    7.228    7.114    7.829    4.997   11.576   12.166   10.939   13.765   13.867   11.422   10.214   8.672  16.240    9.930   12.173    8.189    7.128   12.148    8.429    6.145   11.247    7.567    8.817   13.677    5.814   14.982   10.745   17.183  11.130   9.151    7.919    9.737    9.464   10.536   13.075    6.874   14.773   11.109   15.709   11.399   12.277    8.936   13.933   13.333    5.053  15.657   9.731    9.899   11.407   14.799    9.618    9.224    9.851    6.232    5.307   12.274    8.950   12.186   11.982    8.558    8.274   11.978   10.314\n",
      "2016W1    13.301   13.514    5.822    5.861    5.879    9.568   14.296    9.783    5.530   15.762    9.856    4.627   13.283   12.578   0.000   5.506   10.557   12.292    6.783    6.469   11.479   11.864    6.392   11.149    8.686    7.005   10.737    6.094   12.742    6.937    7.826   5.882   9.606    9.475    8.234   10.778    9.040    8.635   10.850    8.638   11.488   10.298   11.700    7.859   12.030   11.693    6.288    7.984  10.449   7.517    6.053    8.322   10.265   12.031    3.677   10.420    8.920    6.802   10.650    9.748    5.958   10.529    4.145    5.384    7.204   7.550  11.995   11.545   10.114   10.369    9.246    7.148   10.279    6.141    5.997    7.480    4.148    5.775   12.980    9.103    5.753   13.247   8.680  11.664    9.598    8.502    7.089    7.666    6.155    9.241    8.661   12.192    9.967    7.532    5.393   10.671   10.803   11.158   10.828    5.140\n",
      "2016W2    11.931   12.907    4.958    5.844    1.874   10.151   13.346    8.943    4.603   15.208    9.615    4.149   12.262   12.828   5.506   0.000   10.192   12.168    6.211    6.889   10.075   10.475    7.958   10.848    7.664    6.760    9.938    4.492   11.445    5.502   10.684   4.456  10.384    8.291    7.219   11.336    9.060    8.603   11.545    6.572   11.448   11.894   12.173    6.323   12.044   13.006    4.937   10.742   9.709   7.854    4.087    7.493    7.815   10.504    4.057   10.238    8.160    6.173   10.613    8.034    4.484    9.983    4.933    6.742    7.259   9.915   9.661   12.422    8.367    8.821    6.776    8.679   10.152    5.344    4.522    6.599    5.434    5.093   11.438    7.885    5.697   12.161   7.962   9.665    6.875    9.382    5.707    5.210    5.311    9.704    8.857   12.179    9.201    4.904    4.644   10.656   10.104    9.918    9.740    5.184\n",
      "2016W38    6.431    5.566   11.406   10.190   10.742   12.143    9.397   13.457   10.996   11.934   10.333   11.512   10.087   11.441  10.557  10.192    0.000   12.575   11.195    9.482   11.154    9.870   10.763    3.754    7.567   10.809    5.345   12.541    8.594    9.082   11.855   8.045   7.875    6.023    9.435   12.831    5.269    8.115   14.196    8.768    8.534    9.069    9.711   12.663   11.330    9.350    9.067   10.191  10.179   9.288    7.734    9.591    7.690    9.282    9.973    7.691    8.343    9.702   13.070    8.957    8.257   10.959   11.179    8.316   11.939  14.138  12.342    9.977    8.110   12.582   12.791   12.318   13.515   11.258   11.670    9.124    8.771    9.682    7.418    6.751    9.042   11.545   9.626  11.700   11.223    9.467    8.757    9.836    8.319    8.412    9.702    8.577   10.446    7.269   11.107    3.502   11.740   13.460    9.110    8.580\n",
      "2016W39   10.306   10.525   14.315    8.001   12.752   16.005   10.690    9.537   11.730   10.226   17.068   12.219    7.275    8.484  12.292  12.168   12.575    0.000   16.748   14.776    4.843   10.870   11.467   11.702   15.124   14.845    8.932   15.024    6.529    9.043   10.837  10.747  15.712    8.663   16.836    6.978   14.528    7.234    8.469    8.213    7.111   12.047   14.401   10.806   16.285   15.179   10.975   10.880   8.358  13.376   10.831   13.657    9.187    7.304   12.431   10.238    7.032   10.354    6.728    5.548   14.384    6.410   14.375    9.247   15.033  11.987   6.573   13.572    9.943    7.242    8.997   14.642    9.281   11.809   12.085   16.310    9.618   14.613    8.430   14.355   14.845    7.911  17.492   6.466    7.142    8.339   15.574   10.684    9.059    6.953    6.227    6.452    6.627    9.766   12.107   10.951    5.246    9.025    7.342    8.500\n",
      "2016W40   14.795   15.553    4.278   10.333    5.684    7.611   16.011   12.263    7.872   17.554    6.236    6.378   15.780   15.557   6.783   6.211   11.195   16.748    0.000    5.913   15.381   13.209    8.482   12.676    6.318    6.762   13.017    4.692   15.388    9.696   11.632   7.457   8.791   12.265    3.437   14.738    7.865   12.746   14.816   10.392   14.456   11.832   10.747    9.062    9.866   11.721    6.662   11.102  12.044   9.201    7.453    6.634   11.918   14.971    6.036   11.452   11.538   10.244   15.395   12.754    3.957   13.917    5.831    9.036    7.106  10.818  14.557   12.014   11.887   13.889   12.101    7.436   12.977    8.489    8.286    3.726    8.718    4.472   15.240    7.186    3.899   15.154   3.749  15.255   12.700   11.919    3.072    8.258    9.020   12.308   12.209   15.235   13.626    8.963    6.319   12.821   14.684   14.845   14.571    9.286\n",
      "2016W41   13.843   13.389    7.374    9.665    5.965    7.818   16.021   12.331    8.446   17.345    8.994    6.428   15.385   15.665   6.469   6.889    9.482   14.776    5.913    0.000   13.124   14.202    5.888    9.349    3.763    3.317   10.346    6.081   13.078   10.496   10.180   7.965   5.426   10.966    4.531   14.361    5.846   11.859   14.977    9.653   13.192    9.343   10.337    9.430    9.821   10.296    6.291   10.107  10.485   5.038    7.784    6.506   11.813   14.454    7.312   10.301   10.557   10.434   15.086   10.816    4.913   13.527    6.139    6.030    3.766  10.647  13.214   12.816   10.527   12.938   11.674    9.551   13.360    5.144    9.630    4.123    7.531    7.532   13.447    5.682    6.033   14.712   5.809  14.447   11.830    9.168    4.631    9.004    8.588    9.565   10.890   13.648   10.019    8.874    7.100   10.015   13.441   15.349   11.683    8.079\n",
      "2016W42    9.118    9.028   13.413    7.697   10.867   16.247   10.912    9.942    9.940   12.280   16.348   11.285    8.489   10.530  11.479  10.075   11.154    4.843   15.381   13.124    0.000   10.190   11.682    9.763   13.369   12.888    6.868   13.572    5.121    8.097   12.695   9.014  14.504    6.762   15.182    8.877   13.168    6.389   11.094    7.428    7.673   13.279   15.400   10.863   16.753   16.039   10.458   12.693   9.461  11.457    8.919   13.226    7.022    6.185   11.528   11.214    6.895    9.209    6.890    3.529   12.710    8.173   12.992    8.891   13.612  13.415   5.668   14.933    7.288    5.349    7.033   15.269   11.034    9.963   10.466   14.647    8.622   13.340    6.430   12.416   13.822    9.718  15.972   4.430    4.863    9.225   13.926    9.331    8.575    7.949    6.954    7.645    5.126    7.936   11.748    9.356    6.889    8.269    3.660    7.616\n",
      "2016W43    6.153    9.598   10.729    9.826   11.681   14.449    4.992    8.755    8.714    8.224   11.046   11.493    6.136    6.244  11.864  10.475    9.870   10.870   13.209   14.202   10.190    0.000   13.135   11.583   12.866   15.239    8.628   14.243    8.524    6.852   13.812   6.897  15.382    8.351   13.614    7.525   11.475    7.109   11.006    7.055    5.920   13.619   13.216   10.922   14.142   15.353   10.785   12.705  10.128  15.175    6.961   11.423    4.632    6.088   11.132   10.075    5.917   10.517    8.169    8.198   11.576    8.684   13.814   11.153   16.199  13.129   8.991    9.860    6.421    8.091    8.885   13.676    9.411   13.826    8.733   13.647   10.856    9.958    7.376   11.109   11.887    7.672  13.214   9.072    8.898   13.136   12.465    6.809    9.245   11.371    7.315    7.293   12.695    6.555   11.833   11.173   10.947    7.436   11.118   10.118\n",
      "2016W44   13.434   13.543    7.347    7.733    7.045    6.047   14.515    9.006    8.446   14.267    9.771    5.342   12.915   12.542   6.392   7.958   10.763   11.467    8.482    5.888   11.682   13.135    0.000   10.689    7.377    7.217   10.318    7.609   11.664    9.565    5.822   8.191   8.429   11.029    8.433   10.742    8.130   10.764   10.945    7.678   10.937    6.208    8.045    6.217    8.143    9.021    4.722    6.430   6.488   7.898    8.223    5.413   11.571   13.322    7.500    7.535    8.183   10.328   12.909    9.142    7.671   10.411    7.941    3.646    6.291   6.021  10.745   10.299   10.607   11.178   10.248    7.826    9.247    5.765    9.489    8.134    7.146    8.769   12.917    8.397    7.670   11.208   9.151  13.213   10.532    6.269    7.963    8.075    7.191    6.439    7.673   11.117    8.322    8.738    5.483   10.944   10.420   13.757   11.578    7.030\n",
      "2016W45    7.558    4.894   12.920   10.707   11.211   13.447   11.181   14.027   11.566   13.346   12.650   12.099   11.160   12.871  11.149  10.848    3.754   11.702   12.676    9.349    9.763   11.583   10.689    0.000    8.098   10.210    4.025   13.140    7.423   10.360   12.468   9.058   7.700    6.579   10.699   13.366    6.499    8.759   15.243    9.402    8.909    9.591   11.357   13.327   12.944   10.827    9.836   11.184  10.385   8.132    8.824   10.837    8.680    9.910   11.278    9.074    8.821   10.682   13.342    8.211    9.721   11.913   11.967    8.065   11.516  14.883  11.921   12.551    7.954   12.141   12.735   14.139   14.586   10.421   12.672   10.378    8.956   11.702    7.007    7.222   10.954   12.412  11.379  11.551   11.107    9.025   10.172   10.717    9.394    7.708    9.809    8.749    8.544    8.462   12.112    2.415   11.854   14.238    7.231    8.875\n",
      "2016W46   11.961   11.899    7.771   10.672    6.950    7.542   14.310   12.502    9.238   15.773    7.267    7.912   14.228   14.909   8.686   7.664    7.567   15.124    6.318    3.763   13.369   12.866    7.377    8.098    0.000    5.936    9.230    7.895   12.089   10.538   11.435   7.787   5.216   10.416    3.494   14.478    3.349   11.862   15.499    8.944   12.271    8.993    8.822    9.946    8.187    9.492    6.448   10.766   9.803   7.038    7.453    5.382   10.675   13.692    8.525    8.990    9.917   11.192   15.610   10.558    4.815   13.375    8.314    7.192    6.671  12.046  12.886   11.483    9.539   13.243   12.138   10.386   13.455    7.546   10.346    3.811    8.976    7.473   12.091    3.244    6.184   13.566   4.416  14.505   12.047    9.995    3.971    8.468    8.859    9.669   10.857   12.707   10.795    8.106    8.140    9.112   13.764   15.543   11.927    9.086\n",
      "2016W47   14.985   14.113    8.610    9.987    5.820   10.040   17.390   13.464    9.095   18.763   11.213    7.377   16.328   16.955   7.005   6.760   10.809   14.845    6.762    3.317   12.888   15.239    7.217   10.210    5.936    0.000   11.284    5.304   13.645   10.708   11.394   8.619   6.131   11.338    6.008   15.409    8.154   12.462   15.797   10.738   14.402   11.190   12.117   10.150   12.120   11.997    6.848   11.210  11.698   3.772    8.624    8.675   12.386   14.839    7.609   11.967   11.662   10.146   15.344   11.097    6.126   14.263    6.088    7.239    2.694  12.024  13.695   14.951   11.535   13.166   11.931   10.341   14.574    4.653   10.296    5.657    7.214    8.951   14.205    6.998    7.481   15.910   7.852  14.174   11.798    9.435    5.802    9.811    9.251   10.060   11.964   14.774    9.860    9.758    7.655   10.720   13.664   15.713   11.429    8.098\n",
      "2016W48    5.101    4.091   12.021    9.113   10.560   13.501    8.490   11.054    9.665   10.764   12.404   10.998    8.198   10.003  10.737   9.938    5.345    8.932   13.017   10.346    6.868    8.628   10.318    4.025    9.230   11.284    0.000   13.170    3.957    8.512   12.034   7.408  10.359    5.339   11.736   10.114    7.796    6.474   12.995    6.793    5.573   10.039   11.753   11.536   13.117   12.315    9.303   11.093   8.476   9.807    7.185   10.389    5.895    7.020   10.923    8.293    5.731    9.993   10.279    5.136   10.142    9.586   12.280    7.427   12.446  13.466   8.545   11.630    4.714    8.678    9.773   14.143   11.992   10.120   10.735   11.481    8.551   11.168    3.675    7.882   11.321    9.465  12.176   8.881    8.425    8.968   10.927    8.461    8.277    6.932    6.810    5.740    7.154    6.504   11.451    4.551    9.823   11.160    5.509    7.981\n",
      "2016W49   15.599   16.084    5.428    8.509    3.338    8.938   16.967   11.525    7.690   18.136   10.084    4.921   15.717   15.925   6.094   4.492   12.541   15.024    4.692    6.081   13.572   14.243    7.609   13.140    7.895    5.304   13.170    0.000   14.884    9.036   10.774   7.925   9.760   11.783    6.281   14.325   10.112   12.250   13.578    9.860   14.797   12.212   12.145    7.435   11.634   12.688    5.621   11.010  11.445   7.662    7.841    7.774   11.966   14.495    5.060   11.828   11.431    8.725   14.233   11.500    5.101   12.824    4.043    8.102    4.828  10.049  13.050   13.840   12.218   12.574   10.430    7.464   12.265    5.626    7.840    5.719    7.240    6.541   15.240    9.061    5.623   14.992   7.485  13.502   10.702   10.222    5.308    8.401    7.882   11.255   11.775   15.339   11.386    8.849    4.502   13.085   12.683   13.841   13.049    7.601\n",
      "2016W50    5.534    5.608   13.662    9.696   12.058   15.177    7.941   10.431   10.997    9.212   14.635   12.341    6.466    8.993  12.742  11.445    8.594    6.529   15.388   13.078    5.121    8.524   11.664    7.423   12.089   13.645    3.957   14.884    0.000    9.153   12.941   9.074  13.352    6.713   14.487    8.953   11.038    7.074   12.196    6.852    4.770   11.454   13.064   11.658   14.632   14.240   10.521   12.212   7.949  12.300    8.947   12.031    6.207    5.979   12.699    9.001    5.518   11.154    9.268    4.036   12.681    8.631   14.460    9.087   14.530  14.043   6.449   12.658    5.838    7.500    9.274   15.608   11.280   11.644   11.882   14.275   10.174   13.363    2.980   10.685   13.748    7.619  14.991   7.531    7.673    9.653   13.524    9.136    9.333    7.179    6.362    4.449    6.937    7.767   12.633    7.583    8.651   10.375    5.766    9.181\n",
      "2016W51    8.850   10.429    7.530    4.069    6.917   12.077    9.301    8.050    6.023   11.323   10.833    7.261    7.926    8.399   6.937   5.502    9.082    9.043    9.696   10.496    8.097    6.852    9.565   10.360   10.538   10.708    8.512    9.036    9.153    0.000    9.858   4.192  12.248    5.445   10.644    7.983   10.256    4.503    8.242    5.445    8.051   11.459   11.875    7.491   13.002   12.750    6.470    9.226   8.861  10.356    4.183    9.366    4.872    6.145    5.332    8.754    5.742    4.077    6.584    6.314    7.571    6.130    8.110    7.284   11.290   9.979   8.327   10.238    7.546    7.265    6.664    9.030    8.057    9.009    5.395   10.066    5.053    6.810    8.798    9.842    7.819    9.141  10.950   6.334    5.364    8.659    9.002    5.499    3.877    8.395    6.556    8.701    9.181    3.754    6.768    9.334    7.140    6.235    8.430    4.213\n",
      "2016W52   13.989   14.300    9.963    7.273   10.431    8.582   14.026   10.263   11.149   13.125   12.303    8.383   12.065   10.979   7.826  10.684   11.855   10.837   11.632   10.180   12.695   13.812    5.822   12.468   11.435   11.394   12.034   10.774   12.941    9.858    0.000  10.543  11.337   11.147   12.055   10.113   11.092   10.148    7.853    9.385   11.153    5.875    8.637    8.410    9.938    8.043    7.540    3.183   7.981  10.655   10.522    8.799   12.770   13.102    8.266    7.328    9.386    9.789   12.136   10.719   10.232    8.514    9.445    5.904   10.245   5.400  12.275    8.923   13.141   12.834   12.238    6.847    8.389    9.605   11.222   11.272    7.911   10.512   13.912   12.455    9.250   11.018  12.350  13.210   11.553    5.570   11.164   10.966    7.156    6.966    8.502   10.884   10.022   10.337    7.247   11.686    8.764   13.373   12.710    7.460\n",
      "2017W1     8.894   10.098    5.739    6.230    5.596   10.524   10.152    7.896    3.477   12.441    8.247    5.926    9.723    9.889   5.882   4.456    8.045   10.747    7.457    7.965    9.014    6.897    8.191    9.058    7.787    8.619    7.408    7.925    9.074    4.192   10.543   0.000  10.270    6.851    8.108    8.848    7.580    6.452   10.928    5.287    8.041   10.938   11.158    7.367   11.632   12.578    5.826    9.797   8.659   9.166    1.191    7.511    5.283    8.244    5.659    8.945    5.408    6.871    8.808    6.601    5.900    9.016    7.652    6.372    9.731   9.889   8.837   10.306    5.428    7.276    6.660    9.607    9.259    7.698    4.500    7.983    5.514    5.219    8.813    6.555    6.729   10.079   8.341   8.950    7.036    9.536    6.838    3.248    5.592    8.651    6.370    9.145    9.328    3.461    6.744    8.923   10.001    8.599    8.861    5.483\n",
      "2017W2    13.598   11.989   11.032   12.040    9.824    9.810   16.221   15.614   12.169   17.389   10.599   10.759   15.814   16.506   9.606  10.384    7.875   15.712    8.791    5.426   14.504   15.382    8.429    7.700    5.216    6.131   10.359    9.760   13.352   12.248   11.337  10.270   0.000   11.235    6.460   16.376    5.414   12.939   16.883   11.866   13.726    8.595    9.288   12.819   10.272    8.280    8.376   10.013  11.749   5.602   10.268    8.917   13.021   15.131    9.912   10.293   12.100   11.853   17.100   12.288    7.548   14.809    9.369    8.143    7.048  13.679  15.552   13.034   12.367   15.680   15.153   11.013   15.906    9.116   13.392    6.417    9.082   10.475   13.602    6.122    8.300   15.726   7.814  15.914   14.307    9.314    6.805   11.812   10.430    9.420   12.685   13.738   11.415   10.938   10.208    8.378   14.715   17.808   12.450    9.840\n",
      "2017W38    6.096    6.276   11.180    6.410    9.434   13.953    8.402   11.229    9.330   11.171   12.920   10.336    7.473    9.480   9.475   8.291    6.023    8.663   12.265   10.966    6.762    8.351   11.029    6.579   10.416   11.338    5.339   11.783    6.713    5.445   11.147   6.851  11.235    0.000   11.726   10.160    9.477    3.580   10.831    6.818    7.328   11.000   12.383   10.928   14.026   12.095    8.549   10.263   9.645   9.446    6.455   11.003    4.677    4.722    8.366    8.523    6.645    5.627    8.353    5.681    8.916    7.219   10.121    7.709   12.215  13.070   9.064   11.413    7.085    8.916    9.238   12.040   11.200    9.967    9.287   10.955    6.377    9.714    5.585    9.748    9.744    9.953  12.203   6.025    6.515    8.068   10.314    8.633    5.575    7.550    7.789    7.327    7.762    5.052    9.878    5.052    7.331    8.723    5.221    5.456\n",
      "2017W39   13.833   14.148    6.447   11.145    6.495    7.406   15.699   13.286    9.251   17.295    6.344    7.707   15.674   15.992   8.234   7.219    9.435   16.836    3.437    4.531   15.182   13.614    8.433   10.699    3.494    6.008   11.736    6.281   14.487   10.644   12.055   8.108   6.460   11.726    0.000   15.575    5.560   12.945   15.950   10.335   14.149   10.727    9.702   10.149    8.802   10.355    6.785   11.330  11.609   8.023    7.898    6.037   11.797   14.948    7.550   10.594   11.507   11.038   16.400   12.422    3.697   14.333    7.073    8.728    6.603  12.183  14.572   12.001   11.387   14.489   12.953    8.997   14.038    8.405    9.977    1.745    9.276    6.067   14.279    5.129    4.583   15.098   2.181  15.566   13.078   11.422    1.856    8.966    9.366   11.609   12.422   14.735   12.939    8.971    7.561   11.222   14.917   16.002   13.885    9.681\n",
      "2017W40   10.177   12.284   11.279    7.872   12.073   13.706    8.701    5.198    8.982    8.397   13.510   10.239    6.778    4.736  10.778  11.336   12.831    6.978   14.738   14.361    8.877    7.525   10.742   13.366   14.478   15.409   10.114   14.325    8.953    7.983   10.113   8.848  16.376   10.160   15.575    0.000   13.514    7.292    6.322    6.895    5.768   11.900   13.252    8.818   14.220   15.085   10.532   10.265   7.948  15.121    9.017   11.610    8.596    8.195   11.239    9.630    5.290   10.918    5.622    7.518   13.231    6.294   13.715    9.253   15.535   8.779   7.111   10.129    8.779    6.382    7.597   12.852    5.123   12.510    9.076   15.286   10.206   11.784    9.776   13.611   13.109    6.145  15.459   9.014    8.203   10.794   14.407    8.125    8.797    9.345    4.078    6.566   10.470    8.630   10.878   12.824    8.032    6.923   11.009    9.236\n",
      "2017W41   10.063    9.869    8.770   10.794    8.892    8.369   12.350   12.608    9.651   14.034    6.839    9.229   12.830   13.270   9.040   9.060    5.269   14.528    7.865    5.846   13.168   11.475    8.130    6.499    3.349    8.154    7.796   10.112   11.038   10.256   11.092   7.580   5.414    9.477    5.560   13.514    0.000   10.739   15.034    8.870   10.516    7.975    7.978   11.030    8.162    8.527    7.500    9.861   9.639   8.261    7.350    6.266    9.896   12.599    9.147    7.952    9.033   11.231   14.905   10.332    6.092   12.752    9.630    7.240    9.091  12.242  13.048    9.733    8.773   13.203   12.712   10.782   13.233    9.423   10.798    5.798    9.069    7.812   10.710    3.414    6.886   12.640   5.624  14.278   12.420    9.969    5.718    8.749    8.907    9.135   10.042   10.958   11.190    7.941    9.390    7.445   13.582   15.108   11.591    9.221\n",
      "2017W42    6.892    7.880   10.732    5.180    9.911   14.045    7.690    9.300    8.171   10.224   13.007    9.740    6.464    7.228   8.635   8.603    8.115    7.234   12.746   11.859    6.389    7.109   10.764    8.759   11.862   12.462    6.474   12.250    7.074    4.503   10.148   6.452  12.939    3.580   12.945    7.292   10.739    0.000    8.535    6.422    5.935   11.259   12.960   10.154   14.492   13.070    9.023    9.591   9.374  10.989    6.273   11.332    4.921    4.081    8.211    8.883    5.489    5.714    5.246    5.576    9.920    5.733   10.408    7.517   13.146  11.333   8.276   10.717    6.917    7.164    7.904   11.734    9.186   10.387    7.966   12.215    6.260    9.575    6.388   11.094   10.286    8.916  13.145   5.370    5.945    8.495   11.480    8.053    5.507    7.842    5.974    6.341    8.228    5.335    9.739    7.383    6.486    6.197    6.200    5.332\n",
      "2017W43   12.885   14.878   11.494    6.674   12.086   13.206   11.256    7.640   11.217   10.162   14.733   10.304    8.548    7.114  10.850  11.545   14.196    8.469   14.816   14.977   11.094   11.006   10.945   15.243   15.499   15.797   12.995   13.578   12.196    8.242    7.853  10.928  16.883   10.831   15.950    6.322   15.034    8.535    0.000    8.513    9.858   11.560   12.854    8.419   13.997   13.651   10.163    8.775   8.923  15.172   10.844   11.972   10.935   10.000   10.095    9.393    8.488    9.467    7.723    9.835   13.105    4.353   12.550    9.779   15.122   7.727   9.542    9.970   12.702   10.142    9.799   10.220    4.502   12.749   10.249   15.211   10.047   11.940   12.822   15.649   12.360    8.040  15.943   9.768    8.973    9.488   14.543   10.520    7.638    9.789    7.702    9.784   11.371    9.841    9.469   14.059    5.848    8.326   12.732    8.711\n",
      "2017W44    7.785    9.903    7.649    5.661    6.966    9.988    8.482    5.353    6.551    9.327    9.925    6.590    6.903    7.829   8.638   6.572    8.768    8.213   10.392    9.653    7.428    7.055    7.678    9.402    8.944   10.738    6.793    9.860    6.852    5.445    9.385   5.287  11.866    6.818   10.335    6.895    8.870    6.422    8.513    0.000    6.280    9.334    9.935    5.438   10.315   11.767    5.568    9.357   4.697  10.691    4.819    6.716    5.144    7.152    7.836    6.111    2.849    8.188    8.367    4.172    8.080    5.921    9.922    5.909   10.896   8.908   4.859    9.057    5.558    6.228    5.518   10.354    6.217    8.151    6.751   10.011    7.477    7.999    7.333    8.549    8.715    5.951  10.524   7.746    5.103    7.981    9.153    4.038    4.803    6.748    4.100    6.822    7.304    3.375    6.854    9.312    6.953    8.126    8.358    6.013\n",
      "2017W45    5.202    6.932   12.146    8.948   12.225   13.715    5.310    8.575    9.874    6.454   12.557   11.482    4.551    4.997  11.488  11.448    8.534    7.111   14.456   13.192    7.673    5.920   10.937    8.909   12.271   14.402    5.573   14.797    4.770    8.051   11.153   8.041  13.726    7.328   14.149    5.768   10.516    5.935    9.858    6.280    0.000   10.267   11.570   10.774   13.172   13.139   10.189   10.203   7.339  13.470    8.094   10.990    6.140    5.907   11.689    7.672    3.740   10.819    7.818    5.794   12.227    7.193   14.001    8.624   15.100  11.759   7.486    9.299    6.067    7.589    9.307   13.807    8.805   12.492   10.562   13.994    9.856   11.769    5.081   10.852   12.603    5.706  14.131   8.678    8.613    9.925   13.159    8.152    8.633    7.529    4.263    1.858    9.293    7.328   11.821    8.611    8.713    9.044    8.569    8.990\n",
      "2017W46   12.083   11.901   11.147   10.109   11.407    7.474   12.940   11.961   12.569   11.912   10.893   10.259   11.764   11.576  10.298  11.894    9.069   12.047   11.832    9.343   13.279   13.619    6.208    9.591    8.993   11.190   10.039   12.212   11.454   11.459    5.875  10.938   8.595   11.000   10.727   11.900    7.975   11.259   11.560    9.334   10.267    0.000    4.803   10.202    6.825    4.534    7.750    5.030   6.763  10.304   10.820    7.357   12.476   13.374   10.496    4.731    9.146   12.031   14.623   10.635   10.112   10.316   11.513    6.377   10.519   9.191  12.687    7.731   12.222   14.109   13.883    9.369   10.761   10.594   13.263   10.374    9.761   11.350   12.381    9.925    9.686   10.479  11.014  14.607   12.983    6.196   10.381   11.212    8.695    5.942    9.038    9.718   10.149   10.424    9.265    9.537   10.832   15.717   12.683    9.298\n",
